  -5.000E-03   3.708E-03   0.000E+00   0.000E+00
  -4.920E-03   3.708E-03   2.438E+06   0.000E+00
  -4.894E-03   3.706E-03   1.817E+06   0.000E+00
  -3.770E-03   3.272E-03   9.440E+05   0.000E+00
  -4.763E-03   3.691E-03   8.599E+05   0.000E+00
  -4.736E-03   3.687E-03   9.174E+05   0.000E+00
  -3.613E-03   3.169E-03   1.457E+06   0.000E+00
   3.959E-03   3.386E-03   9.123E+05   0.000E+00
  -3.489E-03   3.073E-03   7.537E+06   0.000E+00
   3.499E-03   3.088E-03   3.063E+06   0.000E+00
   3.748E-03   3.261E-03   8.528E+05   0.000E+00
  -4.355E-03   3.551E-03   6.872E+06   6.295E+06
  -3.541E-03   3.111E-03   3.064E+06   0.000E+00
  -4.237E-05   1.303E-03   1.463E+07   1.270E+06
   3.183E-03   2.983E-03   8.242E+06  -1.885E+07
  -3.327E-03   3.021E-03   1.736E+06   1.566E+07
   2.852E-03   2.718E-03   7.228E+05  -2.217E+06
  -2.871E-03   2.753E-03   1.076E+07   2.257E+07
   3.111E-03   2.918E-03   6.186E+06  -5.220E+06
  -2.909E-03   2.791E-03   1.002E+07   1.973E+07
  -2.776E-03   2.659E-03   5.278E+07   0.000E+00
  -2.646E-03   2.621E-03   1.195E+07   0.000E+00
  -2.614E-03   2.605E-03  -2.035E+06   2.919E+07
  -2.581E-03   2.576E-03   1.688E+07   4.507E+07
  -2.527E-03   2.547E-03   2.378E+07   1.840E+07
  -2.491E-03   2.521E-03   1.011E+07  -1.616E+05
  -2.472E-03   2.500E-03   1.001E+07   5.325E+06
  -2.454E-03   2.477E-03   1.293E+07   1.101E+07
  -2.439E-03   2.433E-03   2.965E+07   1.487E+07
  -2.437E-03   2.425E-03   7.270E+06   0.000E+00
  -2.422E-03   2.407E-03  -2.450E+06   1.739E+07
  -2.410E-03   2.389E-03   2.980E+06   1.158E+06
  -2.386E-03   2.367E-03   2.479E+06   1.483E+06
  -2.380E-03   2.361E-03  -5.538E+06   0.000E+00
  -2.366E-03   2.344E-03   1.384E+07   0.000E+00
  -2.352E-03   2.328E-03  -5.893E+06   1.965E+07
  -2.339E-03   2.313E-03  -1.508E+06   1.266E+07
  -2.322E-03   2.297E-03   3.429E+05   1.158E+07
  -2.308E-03   2.277E-03  -4.348E+05   7.718E+06
  -2.295E-03   2.256E-03  -2.715E+05   8.677E+06
  -2.276E-03   2.229E-03  -6.802E+05   9.687E+06
  -2.264E-03   2.213E-03   2.223E+06   2.266E+07
  -2.251E-03   2.193E-03   6.806E+06   1.738E+07
  -2.206E-03   2.121E-03   2.634E+06  -2.165E+06
  -2.190E-03   2.099E-03   3.876E+05   0.000E+00
  -2.172E-03   2.077E-03  -3.036E+05   1.979E+06
  -2.155E-03   2.055E-03  -2.042E+05   2.154E+06
  -2.138E-03   2.032E-03  -2.589E+05   2.564E+06
  -2.122E-03   2.008E-03  -2.509E+05   2.856E+06
  -2.106E-03   1.985E-03  -2.955E+05   3.082E+06
  -2.086E-03   1.963E-03  -1.877E+05   3.378E+06
  -2.058E-03   1.917E-03  -8.188E+05   4.067E+06
  -2.037E-03   1.896E-03   9.063E+05   5.737E+06
  -2.003E-03   1.848E-03  -1.046E+06   3.539E+06
  -1.980E-03   1.829E-03   7.168E+05   5.653E+06
  -1.939E-03   1.783E-03  -1.268E+06   2.820E+06
  -1.918E-03   1.762E-03  -1.474E+06   5.002E+06
  -1.889E-03   1.745E-03  -2.797E+04   7.060E+06
  -1.862E-03   1.725E-03  -7.063E+05   5.866E+06
  -1.833E-03   1.708E-03  -8.372E+05   7.766E+06
  -1.802E-03   1.692E-03  -4.291E+05   9.995E+06
  -1.768E-03   1.680E-03   1.595E+06   1.203E+07
  -1.729E-03   1.667E-03   3.182E+06   1.109E+07
  -1.690E-03   1.652E-03   2.486E+06   9.232E+06
  -1.647E-03   1.638E-03   3.618E+06   9.802E+06
  -1.601E-03   1.623E-03   3.726E+06   8.880E+06
  -1.553E-03   1.609E-03   4.561E+06   8.771E+06
  -1.501E-03   1.593E-03   4.922E+06   8.189E+06
  -1.451E-03   1.575E-03   4.485E+06   5.492E+06
  -1.394E-03   1.560E-03   6.323E+06   6.590E+06
  -1.335E-03   1.543E-03   4.429E+06   5.488E+06
  -1.275E-03   1.528E-03   4.422E+06   6.596E+06
  -1.212E-03   1.515E-03   5.096E+06   5.162E+06
  -1.146E-03   1.502E-03   6.154E+06   6.665E+06
  -1.075E-03   1.487E-03   6.556E+06   5.557E+06
  -9.980E-04   1.472E-03   6.483E+06   4.418E+06
  -9.206E-04   1.458E-03   8.846E+06   5.039E+06
  -8.358E-04   1.439E-03   8.782E+06   3.546E+06
  -7.532E-04   1.425E-03   8.751E+06   4.068E+06
  -6.685E-04   1.409E-03   9.839E+06   3.896E+06
  -5.828E-04   1.392E-03   1.031E+07   3.521E+06
  -4.987E-04   1.375E-03   1.031E+07   3.554E+06
  -4.153E-04   1.359E-03   1.061E+07   3.668E+06
  -3.344E-04   1.345E-03   1.176E+07   3.852E+06
  -2.518E-04   1.331E-03   1.394E+07   3.727E+06
  -1.664E-04   1.318E-03   1.462E+07   3.278E+06
  -8.304E-05   1.306E-03   1.468E+07   1.849E+06
  -1.439E-06   1.302E-03   1.485E+07   5.239E+05
   7.943E-05   1.301E-03   1.478E+07  -5.456E+05
   1.584E-04   1.303E-03   1.484E+07  -1.516E+06
   2.389E-04   1.312E-03   1.512E+07  -2.991E+06
   3.211E-04   1.325E-03   1.517E+07  -3.939E+06
   4.051E-04   1.338E-03   1.471E+07  -4.520E+06
   4.884E-04   1.351E-03   1.427E+07  -4.884E+06
   5.709E-04   1.364E-03   1.353E+07  -5.341E+06
   6.520E-04   1.380E-03   1.222E+07  -4.842E+06
   7.312E-04   1.393E-03   1.175E+07  -5.367E+06
   8.062E-04   1.405E-03   1.045E+07  -4.783E+06
   8.824E-04   1.420E-03   1.075E+07  -4.971E+06
   1.026E-03   1.451E-03   9.826E+06  -6.318E+06
   1.097E-03   1.467E-03   8.093E+06  -5.980E+06
   1.162E-03   1.483E-03   7.973E+06  -5.655E+06
   1.226E-03   1.502E-03   9.213E+06  -6.856E+06
   1.286E-03   1.520E-03   6.856E+06  -5.961E+06
   1.343E-03   1.538E-03   6.513E+06  -6.562E+06
   1.397E-03   1.554E-03   6.111E+06  -7.532E+06
   1.450E-03   1.570E-03   5.153E+06  -7.669E+06
   1.499E-03   1.586E-03   5.267E+06  -8.645E+06
   1.547E-03   1.600E-03   4.337E+06  -8.191E+06
   1.594E-03   1.616E-03   4.454E+06  -9.592E+06
   1.638E-03   1.629E-03   2.585E+06  -8.098E+06
   1.678E-03   1.644E-03   3.479E+06  -8.596E+06
   1.716E-03   1.658E-03   2.825E+06  -9.420E+06
   1.751E-03   1.673E-03   2.150E+06  -9.945E+06
   1.783E-03   1.688E-03   1.198E+06  -9.357E+06
   1.812E-03   1.705E-03   9.177E+05  -9.227E+06
   1.840E-03   1.722E-03   3.273E+05  -8.850E+06
   1.866E-03   1.740E-03  -4.068E+04  -8.965E+06
   1.892E-03   1.759E-03  -9.417E+05  -7.584E+06
   1.916E-03   1.778E-03  -8.878E+05  -6.804E+06
   1.939E-03   1.797E-03  -8.974E+05  -6.628E+06
   1.960E-03   1.816E-03  -9.321E+05  -6.513E+06
   1.982E-03   1.835E-03  -8.009E+05  -7.553E+06
   2.005E-03   1.854E-03  -2.167E+06  -8.701E+06
   2.039E-03   1.891E-03  -7.958E+04  -6.899E+05
   2.055E-03   1.912E-03  -4.670E+05  -3.738E+06
   2.074E-03   1.934E-03  -7.253E+05  -3.661E+06
   2.093E-03   1.954E-03  -5.076E+05  -4.706E+06
   2.110E-03   1.975E-03  -6.418E+05  -6.244E+06
   2.128E-03   1.996E-03  -9.636E+05  -8.681E+06
   2.146E-03   2.018E-03  -1.438E+06  -1.328E+07
   2.166E-03   2.040E-03  -1.064E+07  -3.289E+07
   2.274E-03   2.182E-03   2.554E+06  -3.646E+06
   2.289E-03   2.202E-03   3.676E+05  -6.588E+06
   2.303E-03   2.221E-03  -4.714E+05  -2.003E+06
   2.317E-03   2.244E-03   2.054E+06  -5.862E+06
   2.328E-03   2.262E-03   1.435E+06  -3.771E+06
   2.338E-03   2.280E-03   2.555E+06  -1.248E+06
   2.354E-03   2.300E-03   4.015E+06   1.302E+06
   2.365E-03   2.322E-03   6.396E+06  -3.084E+06
   2.379E-03   2.343E-03   5.800E+06  -7.264E+06
   2.392E-03   2.364E-03   3.804E+06  -6.587E+06
   2.405E-03   2.384E-03   2.566E+06  -3.345E+06
   2.424E-03   2.408E-03   2.473E+06  -1.697E+06
   2.457E-03   2.442E-03   2.316E+06  -4.625E+05
   2.477E-03   2.458E-03   3.033E+06  -1.518E+05
   2.495E-03   2.475E-03   3.371E+06  -1.594E+06
   2.519E-03   2.494E-03   2.338E+06  -5.649E+05
   2.540E-03   2.504E-03   2.489E+06   1.904E+06
   2.592E-03   2.535E-03   3.276E+06  -2.944E+05
   2.620E-03   2.544E-03   2.928E+06   5.038E+06
   2.643E-03   2.561E-03   1.169E+07   6.710E+06
   2.666E-03   2.577E-03   2.186E+07  -8.277E+06
   2.930E-03   2.799E-03   9.703E+06  -8.946E+06
  -2.940E-03   2.823E-03   8.285E+06   2.108E+07
   2.981E-03   2.833E-03   1.003E+07  -1.593E+07
   3.034E-03   2.866E-03   5.531E+06  -1.342E+07
   3.098E-03   2.912E-03   1.631E+06  -1.196E+07
  -3.269E-03   2.999E-03   1.558E+07   2.109E+07
  -3.461E-03   3.056E-03   4.695E+06   2.542E+07
  -3.382E-03   3.046E-03   2.036E+06   6.962E+06
   3.898E-05   1.301E-03   1.481E+07  -1.394E+05
   4.432E-03   3.630E-03   1.343E+06   0.000E+00
   4.459E-03   3.640E-03   1.348E+06   0.000E+00
   4.486E-03   3.649E-03   1.221E+06   0.000E+00
   4.513E-03   3.658E-03   1.277E+06   0.000E+00
   4.540E-03   3.666E-03   1.233E+06   0.000E+00
   4.567E-03   3.674E-03   1.199E+06   0.000E+00
   4.594E-03   3.681E-03   1.172E+06   0.000E+00
   4.620E-03   3.687E-03   1.146E+06   0.000E+00
   4.647E-03   3.693E-03   1.125E+06   0.000E+00
   4.674E-03   3.699E-03   1.105E+06   0.000E+00
   4.701E-03   3.705E-03   1.088E+06   0.000E+00
   4.728E-03   3.710E-03   1.074E+06   0.000E+00
   4.754E-03   3.714E-03   1.062E+06   0.000E+00
   4.781E-03   3.719E-03   1.037E+06   0.000E+00
   4.809E-03   3.723E-03   1.033E+06   0.000E+00
   4.836E-03   3.726E-03   1.022E+06   0.000E+00
   4.863E-03   3.729E-03   1.022E+06   0.000E+00
   4.890E-03   3.731E-03   1.019E+06   0.000E+00
   4.917E-03   3.733E-03   1.018E+06   0.000E+00
   4.944E-03   3.734E-03   1.011E+06   0.000E+00
   4.972E-03   3.735E-03   1.025E+06   0.000E+00
   5.000E-03   3.735E-03   0.000E+00   0.000E+00
  -4.795E-03   3.696E-03   1.032E+06   0.000E+00
  -3.815E-03   3.300E-03   8.115E+05   0.000E+00
   3.617E-03   3.174E-03   1.291E+06   0.000E+00
  -3.642E-03   3.190E-03   1.617E+06   0.000E+00
   3.291E-03   3.013E-03   2.482E+06  -2.332E+07
  -2.810E-03   2.689E-03   2.764E+07  -1.699E+07
  -3.005E-03   2.865E-03   5.968E+06   1.640E+07
   3.423E-03   3.044E-03  -4.014E+05  -1.281E+07
  -3.022E-03   2.879E-03   6.738E+06   1.875E+07
  -3.081E-03   2.902E-03   3.933E+06   1.537E+07
  -3.293E-03   3.012E-03   5.033E+06   2.382E+07
  -3.224E-03   2.966E-03   1.045E+07  -3.229E+06
  -2.784E-03   2.665E-03   2.770E+07  -4.841E+07
  -3.158E-03   2.938E-03   2.736E+06   1.328E+07
  -3.190E-03   2.958E-03   4.549E+05   1.255E+07
  -3.127E-03   2.927E-03   3.302E+06   1.330E+07
  -3.099E-03   2.916E-03   3.954E+06   1.518E+07
  -2.831E-03   2.711E-03   2.838E+07   2.177E+07
  -2.711E-03   2.640E-03   2.002E+07   0.000E+00
  -2.229E-03   2.157E-03   6.009E+06   5.032E+06
  -2.070E-03   1.938E-03  -3.689E+05   3.056E+06
  -2.016E-03   1.870E-03  -1.374E+05   1.719E+06
  -1.958E-03   1.806E-03  -1.663E+05   2.199E+06
  -1.476E-03   1.585E-03   5.725E+06   7.332E+06
  -1.424E-03   1.570E-03   4.296E+06   6.797E+06
  -1.366E-03   1.551E-03   4.095E+06   4.177E+06
  -1.306E-03   1.536E-03   4.080E+06   5.174E+06
  -1.244E-03   1.523E-03   6.497E+06   6.711E+06
  -1.180E-03   1.507E-03   5.326E+06   6.228E+06
  -1.112E-03   1.496E-03   7.557E+06   6.335E+06
  -1.038E-03   1.482E-03   8.817E+06   5.659E+06
  -9.613E-04   1.467E-03   8.918E+06   6.383E+06
  -8.800E-04   1.450E-03   9.497E+06   4.473E+06
  -7.945E-04   1.432E-03   8.974E+06   3.811E+06
   5.296E-04   1.358E-03   1.378E+07  -5.152E+06
   6.119E-04   1.373E-03   1.254E+07  -5.379E+06
   6.921E-04   1.388E-03   1.263E+07  -4.976E+06
   7.702E-04   1.400E-03   1.101E+07  -5.155E+06
   8.463E-04   1.414E-03   1.077E+07  -4.722E+06
   9.203E-04   1.429E-03   1.133E+07  -6.642E+06
   9.565E-04   1.437E-03   9.115E+06  -5.686E+06
   1.062E-03   1.458E-03   8.116E+06  -6.374E+06
   1.131E-03   1.476E-03   7.265E+06  -5.129E+06
   1.194E-03   1.492E-03   7.292E+06  -4.820E+06
   1.257E-03   1.512E-03   7.128E+06  -7.067E+06
   1.315E-03   1.530E-03   7.346E+06  -6.929E+06
   1.371E-03   1.547E-03   7.254E+06  -7.697E+06
   1.424E-03   1.563E-03   6.540E+06  -8.482E+06
   1.474E-03   1.579E-03   5.682E+06  -7.928E+06
   2.024E-03   1.872E-03   5.286E+06   0.000E+00
   2.182E-03   2.057E-03   3.502E+07   0.000E+00
   2.205E-03   2.088E-03   7.324E+05   0.000E+00
   2.251E-03   2.151E-03  -2.147E+06   0.000E+00
   2.441E-03   2.426E-03   2.653E+06  -1.621E+06
   2.566E-03   2.520E-03   4.525E+06   1.248E+05
   2.706E-03   2.597E-03   2.202E+07  -2.371E+07
   2.763E-03   2.642E-03   1.032E+07  -2.684E+07
   2.786E-03   2.661E-03   4.350E+06  -1.900E+07
   2.833E-03   2.703E-03   6.477E+05  -1.184E+07
  -3.407E-03   3.044E-03   7.637E+06   1.276E+07
   3.376E-03   3.024E-03  -8.034E+05  -1.185E+07
   3.084E-03   2.905E-03   7.602E+06  -1.942E+07
   3.138E-03   2.942E-03   1.373E+07  -2.133E+07
   3.206E-03   3.001E-03   1.184E+07  -2.820E+07
  -3.175E-03   2.950E-03   1.060E+06   9.670E+06
  -3.207E-03   2.962E-03   4.866E+06   0.000E+00
   3.788E-03   3.286E-03   8.712E+05   0.000E+00
  -4.828E-03   3.700E-03   1.191E+06   0.000E+00
   3.227E-03   3.004E-03   6.441E+06  -3.053E+07
  -3.684E-03   3.217E-03   1.675E+06   0.000E+00
  -3.578E-03   3.142E-03   1.604E+06   0.000E+00
  -4.030E-03   3.407E-03   8.167E+05   0.000E+00
   4.134E-03   3.479E-03   1.088E+06   0.000E+00
   4.200E-03   3.514E-03   1.193E+06   0.000E+00
   3.662E-03   3.205E-03   1.006E+06   0.000E+00
  -3.844E-03   3.319E-03   8.183E+05   0.000E+00
  -2.744E-03   2.650E-03   2.975E+07   0.000E+00
   4.068E-03   3.445E-03   1.041E+06   0.000E+00
   3.707E-03   3.235E-03   8.713E+05   0.000E+00
  -2.092E-04   1.324E-03   1.345E+07   3.308E+06
  -3.355E-03   3.036E-03   1.233E+06   1.253E+07
   3.462E-03   3.064E-03   7.555E+06   0.000E+00
  -4.229E-03   3.496E-03   2.976E+06   3.420E+05
   2.228E-03   2.119E-03  -2.597E+05   0.000E+00
   4.013E-03   3.415E-03   1.013E+06   0.000E+00
   4.239E-03   3.535E-03   1.216E+06   0.000E+00
   3.544E-03   3.123E-03   1.765E+06   0.000E+00
   4.380E-03   3.605E-03   1.351E+06   0.000E+00
   3.824E-03   3.307E-03   8.992E+05   0.000E+00
  -3.515E-03   3.092E-03   6.968E+06   0.000E+00
   3.248E-03   3.007E-03   3.997E+06  -2.866E+07
  -4.960E-03   3.708E-03   2.808E+06   0.000E+00
   4.328E-03   3.581E-03   1.302E+06   0.000E+00
  -3.166E-03   2.944E-03   1.275E+06   1.269E+07
  -3.956E-03   3.373E-03   8.136E+05   0.000E+00
   3.573E-03   3.143E-03   1.604E+06   0.000E+00
  -3.891E-03   3.343E-03   8.454E+05   0.000E+00
  -4.067E-03   3.424E-03   7.710E+05   0.000E+00
   3.059E-03   2.885E-03   7.794E+06  -1.483E+07
   2.891E-03   2.758E-03   5.245E+06  -2.851E+06
  -4.103E-03   3.441E-03   7.371E+05   0.000E+00
   3.333E-03   3.018E-03   5.060E+05  -1.920E+07
   4.284E-03   3.558E-03   1.304E+06   0.000E+00
  -3.725E-03   3.245E-03   1.208E+06   0.000E+00
  -2.980E-03   2.850E-03   6.476E+06   1.869E+07
  -5.000E-03   3.708E-03   0.000E+00   0.000E+00
  -4.920E-03   3.708E-03   2.357E+06   0.000E+00
  -4.894E-03   3.706E-03   1.774E+06   0.000E+00
  -3.770E-03   3.272E-03   9.440E+05   0.000E+00
  -4.763E-03   3.691E-03   8.517E+05   0.000E+00
  -4.736E-03   3.687E-03   8.954E+05   0.000E+00
  -3.613E-03   3.170E-03   1.447E+06   0.000E+00
  -3.489E-03   3.074E-03   7.771E+06   0.000E+00
   3.499E-03   3.089E-03   3.034E+06   0.000E+00
   3.748E-03   3.261E-03   8.544E+05   0.000E+00
  -4.355E-03   3.551E-03   5.696E+06   4.352E+06
  -3.541E-03   3.111E-03   3.099E+06   0.000E+00
  -4.237E-05   1.303E-03   1.463E+07   1.269E+06
   3.183E-03   2.983E-03   8.283E+06  -1.922E+07
  -3.327E-03   3.022E-03   1.679E+06   1.562E+07
   2.852E-03   2.718E-03   5.880E+05  -1.931E+06
  -2.871E-03   2.753E-03   1.085E+07   2.256E+07
   3.111E-03   2.919E-03   6.161E+06  -5.191E+06
  -2.909E-03   2.791E-03   1.004E+07   1.969E+07
  -2.776E-03   2.660E-03   5.142E+07   0.000E+00
  -2.646E-03   2.622E-03   1.175E+07   0.000E+00
  -2.614E-03   2.605E-03  -2.036E+06   2.986E+07
  -2.581E-03   2.576E-03   1.678E+07   4.511E+07
  -2.527E-03   2.548E-03   2.377E+07   1.832E+07
  -2.492E-03   2.521E-03   1.018E+07  -3.259E+05
  -2.472E-03   2.500E-03   1.011E+07   5.263E+06
  -2.454E-03   2.477E-03   1.307E+07   1.118E+07
  -2.439E-03   2.434E-03   2.964E+07   1.526E+07
  -2.437E-03   2.425E-03   7.374E+06   0.000E+00
  -2.422E-03   2.408E-03  -2.587E+06   1.722E+07
  -2.410E-03   2.389E-03   3.061E+06   1.932E+06
  -2.386E-03   2.368E-03   2.389E+06   1.461E+06
  -2.380E-03   2.361E-03  -5.526E+06   0.000E+00
  -2.366E-03   2.344E-03   1.393E+07   0.000E+00
  -2.352E-03   2.329E-03  -5.950E+06   1.950E+07
  -2.339E-03   2.314E-03  -1.547E+06   1.247E+07
  -2.322E-03   2.297E-03   3.393E+05   1.149E+07
  -2.308E-03   2.277E-03  -4.562E+05   7.603E+06
  -2.295E-03   2.256E-03  -3.268E+05   8.609E+06
  -2.276E-03   2.229E-03  -7.297E+05   9.549E+06
  -2.264E-03   2.213E-03   2.187E+06   2.249E+07
  -2.251E-03   2.194E-03   6.780E+06   1.729E+07
  -2.206E-03   2.121E-03   2.626E+06  -2.250E+06
  -2.190E-03   2.100E-03   3.902E+05   0.000E+00
  -2.172E-03   2.078E-03  -3.157E+05   1.918E+06
  -2.155E-03   2.055E-03  -2.209E+05   2.110E+06
  -2.139E-03   2.033E-03  -2.747E+05   2.527E+06
  -2.122E-03   2.009E-03  -2.657E+05   2.822E+06
  -2.106E-03   1.986E-03  -3.065E+05   3.055E+06
  -2.086E-03   1.963E-03  -1.976E+05   3.342E+06
  -2.058E-03   1.917E-03  -8.272E+05   4.051E+06
  -2.037E-03   1.896E-03   8.950E+05   5.725E+06
  -2.003E-03   1.848E-03  -1.065E+06   3.523E+06
  -1.981E-03   1.829E-03   6.998E+05   5.638E+06
  -1.940E-03   1.783E-03  -1.269E+06   2.795E+06
  -1.918E-03   1.762E-03  -1.476E+06   4.980E+06
  -1.889E-03   1.745E-03  -2.699E+04   7.061E+06
  -1.862E-03   1.725E-03  -7.107E+05   5.879E+06
  -1.833E-03   1.708E-03  -8.443E+05   7.772E+06
  -1.803E-03   1.693E-03  -4.395E+05   9.991E+06
  -1.768E-03   1.680E-03   1.587E+06   1.202E+07
  -1.730E-03   1.667E-03   3.179E+06   1.107E+07
  -1.690E-03   1.652E-03   2.479E+06   9.229E+06
  -1.648E-03   1.638E-03   3.609E+06   9.811E+06
  -1.601E-03   1.623E-03   3.715E+06   8.873E+06
  -1.553E-03   1.609E-03   4.554E+06   8.765E+06
  -1.501E-03   1.593E-03   4.916E+06   8.186E+06
  -1.451E-03   1.576E-03   4.478E+06   5.490E+06
  -1.394E-03   1.560E-03   6.314E+06   6.597E+06
  -1.335E-03   1.543E-03   4.414E+06   5.475E+06
  -1.275E-03   1.528E-03   4.410E+06   6.585E+06
  -1.212E-03   1.515E-03   5.087E+06   5.153E+06
  -1.146E-03   1.502E-03   6.150E+06   6.654E+06
  -1.075E-03   1.487E-03   6.558E+06   5.550E+06
  -9.981E-04   1.472E-03   6.485E+06   4.425E+06
  -9.207E-04   1.458E-03   8.849E+06   5.050E+06
  -8.359E-04   1.439E-03   8.777E+06   3.547E+06
  -7.533E-04   1.425E-03   8.742E+06   4.065E+06
  -6.686E-04   1.409E-03   9.834E+06   3.897E+06
  -5.829E-04   1.392E-03   1.030E+07   3.520E+06
  -4.988E-04   1.375E-03   1.030E+07   3.548E+06
  -4.154E-04   1.359E-03   1.061E+07   3.666E+06
  -3.344E-04   1.346E-03   1.176E+07   3.856E+06
  -2.519E-04   1.331E-03   1.393E+07   3.727E+06
  -1.664E-04   1.318E-03   1.462E+07   3.278E+06
  -8.305E-05   1.306E-03   1.468E+07   1.841E+06
  -1.440E-06   1.302E-03   1.485E+07   5.269E+05
   7.944E-05   1.301E-03   1.479E+07  -5.481E+05
   1.584E-04   1.303E-03   1.484E+07  -1.515E+06
   2.390E-04   1.312E-03   1.512E+07  -2.991E+06
   3.211E-04   1.325E-03   1.517E+07  -3.942E+06
   4.051E-04   1.339E-03   1.471E+07  -4.525E+06
   4.885E-04   1.351E-03   1.427E+07  -4.884E+06
   5.709E-04   1.364E-03   1.353E+07  -5.342E+06
   6.520E-04   1.380E-03   1.222E+07  -4.847E+06
   7.312E-04   1.393E-03   1.175E+07  -5.373E+06
   8.062E-04   1.405E-03   1.045E+07  -4.789E+06
   8.824E-04   1.420E-03   1.076E+07  -4.975E+06
   1.026E-03   1.451E-03   9.829E+06  -6.317E+06
   1.097E-03   1.467E-03   8.090E+06  -5.978E+06
   1.162E-03   1.483E-03   7.970E+06  -5.650E+06
   1.226E-03   1.502E-03   9.212E+06  -6.862E+06
   1.286E-03   1.520E-03   6.853E+06  -5.961E+06
   1.343E-03   1.538E-03   6.508E+06  -6.556E+06
   1.398E-03   1.554E-03   6.109E+06  -7.530E+06
   1.450E-03   1.570E-03   5.152E+06  -7.666E+06
   1.499E-03   1.586E-03   5.261E+06  -8.641E+06
   1.547E-03   1.600E-03   4.335E+06  -8.186E+06
   1.594E-03   1.617E-03   4.451E+06  -9.579E+06
   1.638E-03   1.630E-03   2.574E+06  -8.086E+06
   1.679E-03   1.644E-03   3.471E+06  -8.596E+06
   1.716E-03   1.658E-03   2.820E+06  -9.425E+06
   1.751E-03   1.673E-03   2.145E+06  -9.942E+06
   1.783E-03   1.688E-03   1.193E+06  -9.353E+06
   1.812E-03   1.705E-03   9.170E+05  -9.223E+06
   1.840E-03   1.722E-03   3.259E+05  -8.853E+06
   1.866E-03   1.740E-03  -4.395E+04  -8.963E+06
   1.892E-03   1.759E-03  -9.447E+05  -7.578E+06
   1.916E-03   1.778E-03  -8.903E+05  -6.794E+06
   1.939E-03   1.797E-03  -9.000E+05  -6.624E+06
   1.961E-03   1.816E-03  -9.323E+05  -6.491E+06
   1.982E-03   1.835E-03  -8.074E+05  -7.533E+06
   2.005E-03   1.854E-03  -2.181E+06  -8.713E+06
   2.039E-03   1.891E-03  -8.337E+04  -6.597E+05
   2.055E-03   1.912E-03  -4.876E+05  -3.713E+06
   2.075E-03   1.934E-03  -7.423E+05  -3.654E+06
   2.093E-03   1.955E-03  -5.124E+05  -4.708E+06
   2.110E-03   1.976E-03  -6.447E+05  -6.250E+06
   2.128E-03   1.997E-03  -9.680E+05  -8.726E+06
   2.146E-03   2.018E-03  -1.474E+06  -1.330E+07
   2.166E-03   2.040E-03  -1.060E+07  -3.337E+07
   2.274E-03   2.182E-03   2.650E+06  -3.730E+06
   2.289E-03   2.202E-03   5.143E+05  -6.300E+06
   2.303E-03   2.221E-03  -3.656E+05  -1.743E+06
   2.317E-03   2.245E-03   2.031E+06  -5.462E+06
   2.328E-03   2.262E-03   1.470E+06  -3.454E+06
   2.338E-03   2.280E-03   2.549E+06  -1.401E+06
   2.354E-03   2.301E-03   3.854E+06   1.259E+06
   2.365E-03   2.323E-03   6.275E+06  -3.107E+06
   2.379E-03   2.343E-03   5.713E+06  -7.262E+06
   2.392E-03   2.364E-03   3.769E+06  -6.583E+06
   2.405E-03   2.385E-03   2.544E+06  -3.344E+06
   2.424E-03   2.408E-03   2.471E+06  -1.694E+06
   2.457E-03   2.442E-03   2.316E+06  -4.558E+05
   2.477E-03   2.459E-03   3.033E+06  -1.561E+05
   2.495E-03   2.475E-03   3.375E+06  -1.598E+06
   2.519E-03   2.494E-03   2.337E+06  -5.471E+05
   2.540E-03   2.504E-03   2.496E+06   1.907E+06
   2.592E-03   2.535E-03   3.271E+06  -3.090E+05
   2.620E-03   2.545E-03   2.946E+06   5.041E+06
   2.643E-03   2.561E-03   1.175E+07   6.743E+06
   2.666E-03   2.578E-03   2.191E+07  -8.278E+06
   2.930E-03   2.799E-03   9.669E+06  -8.836E+06
  -2.941E-03   2.823E-03   8.294E+06   2.107E+07
   2.981E-03   2.833E-03   9.984E+06  -1.586E+07
   3.034E-03   2.866E-03   5.489E+06  -1.334E+07
   3.098E-03   2.912E-03   1.542E+06  -1.184E+07
  -3.269E-03   2.999E-03   1.559E+07   2.120E+07
  -3.461E-03   3.057E-03   4.957E+06   2.542E+07
  -3.382E-03   3.046E-03   1.976E+06   7.128E+06
   3.899E-05   1.301E-03   1.481E+07  -1.376E+05
   4.432E-03   3.630E-03   1.328E+06   0.000E+00
   4.459E-03   3.640E-03   1.343E+06   0.000E+00
   4.486E-03   3.649E-03   1.324E+06   0.000E+00
   4.513E-03   3.658E-03   1.273E+06   0.000E+00
   4.540E-03   3.666E-03   1.231E+06   0.000E+00
   4.567E-03   3.674E-03   1.195E+06   0.000E+00
   4.594E-03   3.681E-03   1.170E+06   0.000E+00
   4.620E-03   3.687E-03   1.144E+06   0.000E+00
   4.647E-03   3.693E-03   1.123E+06   0.000E+00
   4.674E-03   3.699E-03   1.103E+06   0.000E+00
   4.701E-03   3.705E-03   1.087E+06   0.000E+00
   4.728E-03   3.710E-03   1.073E+06   0.000E+00
   4.754E-03   3.714E-03   1.061E+06   0.000E+00
   4.781E-03   3.719E-03   1.037E+06   0.000E+00
   4.809E-03   3.723E-03   1.033E+06   0.000E+00
   4.836E-03   3.726E-03   1.021E+06   0.000E+00
   4.863E-03   3.729E-03   1.020E+06   0.000E+00
   4.890E-03   3.731E-03   1.016E+06   0.000E+00
   4.917E-03   3.733E-03   1.017E+06   0.000E+00
   4.944E-03   3.734E-03   1.011E+06   0.000E+00
   4.972E-03   3.735E-03   1.025E+06   0.000E+00
   5.000E-03   3.735E-03   0.000E+00   0.000E+00
  -4.795E-03   3.696E-03   1.019E+06   0.000E+00
  -3.815E-03   3.300E-03   8.109E+05   0.000E+00
   3.617E-03   3.175E-03   1.294E+06   0.000E+00
  -3.642E-03   3.190E-03   1.605E+06   0.000E+00
   3.291E-03   3.013E-03   2.514E+06  -2.314E+07
  -2.811E-03   2.689E-03   2.821E+07  -1.702E+07
  -3.005E-03   2.865E-03   5.932E+06   1.635E+07
   3.423E-03   3.044E-03  -6.537E+05  -1.249E+07
  -3.022E-03   2.879E-03   6.701E+06   1.873E+07
  -3.081E-03   2.902E-03   3.870E+06   1.529E+07
  -3.293E-03   3.012E-03   4.999E+06   2.379E+07
  -3.224E-03   2.966E-03   1.039E+07  -3.251E+06
  -2.784E-03   2.665E-03   2.956E+07  -4.772E+07
  -3.158E-03   2.938E-03   2.595E+06   1.324E+07
  -3.190E-03   2.958E-03   3.268E+05   1.240E+07
  -3.127E-03   2.927E-03   3.189E+06   1.328E+07
  -3.099E-03   2.916E-03   3.864E+06   1.507E+07
  -2.831E-03   2.712E-03   2.883E+07   2.153E+07
  -2.711E-03   2.641E-03   1.853E+07   0.000E+00
  -2.229E-03   2.158E-03   5.988E+06   4.950E+06
  -2.070E-03   1.938E-03  -3.738E+05   3.034E+06
  -2.017E-03   1.871E-03  -1.495E+05   1.699E+06
  -1.958E-03   1.806E-03  -1.769E+05   2.167E+06
  -1.476E-03   1.586E-03   5.722E+06   7.329E+06
  -1.424E-03   1.570E-03   4.284E+06   6.802E+06
  -1.366E-03   1.552E-03   4.079E+06   4.172E+06
  -1.306E-03   1.536E-03   4.067E+06   5.157E+06
  -1.245E-03   1.523E-03   6.492E+06   6.708E+06
  -1.180E-03   1.507E-03   5.322E+06   6.225E+06
  -1.112E-03   1.496E-03   7.560E+06   6.322E+06
  -1.038E-03   1.482E-03   8.824E+06   5.664E+06
  -9.614E-04   1.467E-03   8.922E+06   6.395E+06
  -8.801E-04   1.450E-03   9.495E+06   4.482E+06
  -7.946E-04   1.432E-03   8.970E+06   3.810E+06
   5.297E-04   1.358E-03   1.377E+07  -5.152E+06
   6.120E-04   1.373E-03   1.254E+07  -5.382E+06
   6.922E-04   1.388E-03   1.263E+07  -4.979E+06
   7.703E-04   1.400E-03   1.102E+07  -5.160E+06
   8.463E-04   1.414E-03   1.077E+07  -4.730E+06
   9.204E-04   1.429E-03   1.134E+07  -6.641E+06
   9.565E-04   1.438E-03   9.117E+06  -5.686E+06
   1.062E-03   1.458E-03   8.114E+06  -6.374E+06
   1.131E-03   1.476E-03   7.261E+06  -5.121E+06
   1.194E-03   1.492E-03   7.286E+06  -4.817E+06
   1.257E-03   1.512E-03   7.124E+06  -7.069E+06
   1.315E-03   1.530E-03   7.346E+06  -6.930E+06
   1.371E-03   1.547E-03   7.256E+06  -7.697E+06
   1.424E-03   1.563E-03   6.540E+06  -8.482E+06
   1.474E-03   1.579E-03   5.681E+06  -7.929E+06
   2.024E-03   1.872E-03   5.304E+06   0.000E+00
   2.183E-03   2.057E-03   3.488E+07   0.000E+00
   2.205E-03   2.088E-03   7.073E+04   0.000E+00
   2.251E-03   2.151E-03  -2.558E+06   0.000E+00
   2.441E-03   2.427E-03   2.649E+06  -1.619E+06
   2.566E-03   2.521E-03   4.517E+06   1.298E+05
   2.706E-03   2.597E-03   2.196E+07  -2.363E+07
   2.763E-03   2.642E-03   1.030E+07  -2.680E+07
   2.786E-03   2.661E-03   4.335E+06  -1.897E+07
   2.833E-03   2.704E-03   6.132E+05  -1.194E+07
  -3.407E-03   3.044E-03   7.266E+06   1.232E+07
   3.376E-03   3.024E-03  -1.298E+06  -1.167E+07
   3.085E-03   2.905E-03   7.588E+06  -1.940E+07
   3.138E-03   2.942E-03   1.372E+07  -2.120E+07
   3.206E-03   3.002E-03   1.209E+07  -2.843E+07
  -3.175E-03   2.950E-03   9.047E+05   9.487E+06
  -3.207E-03   2.962E-03   5.096E+06   0.000E+00
   3.788E-03   3.286E-03   8.701E+05   0.000E+00
  -4.828E-03   3.700E-03   1.176E+06   0.000E+00
   3.227E-03   3.004E-03   6.910E+06  -3.026E+07
  -3.684E-03   3.217E-03   1.659E+06   0.000E+00
  -3.578E-03   3.142E-03   1.610E+06   0.000E+00
  -4.030E-03   3.407E-03   8.101E+05   0.000E+00
   4.134E-03   3.479E-03   1.087E+06   0.000E+00
   4.200E-03   3.514E-03   1.191E+06   0.000E+00
   3.662E-03   3.205E-03   1.006E+06   0.000E+00
  -3.845E-03   3.319E-03   8.196E+05   0.000E+00
  -2.744E-03   2.650E-03   2.832E+07   0.000E+00
   3.707E-03   3.235E-03   8.716E+05   0.000E+00
  -2.092E-04   1.325E-03   1.345E+07   3.306E+06
  -3.355E-03   3.036E-03   1.153E+06   1.239E+07
   3.462E-03   3.064E-03   7.505E+06   0.000E+00
  -4.229E-03   3.496E-03   8.513E+05   0.000E+00
   2.228E-03   2.120E-03  -7.497E+05   0.000E+00
   4.239E-03   3.535E-03   1.214E+06   0.000E+00
   3.544E-03   3.123E-03   1.768E+06   0.000E+00
   4.380E-03   3.605E-03   1.342E+06   0.000E+00
   3.824E-03   3.307E-03   9.002E+05   0.000E+00
  -3.515E-03   3.092E-03   7.048E+06   0.000E+00
   3.248E-03   3.007E-03   4.290E+06  -2.827E+07
  -4.960E-03   3.708E-03   2.765E+06   0.000E+00
   4.328E-03   3.581E-03   1.297E+06   0.000E+00
  -3.166E-03   2.945E-03   1.142E+06   1.266E+07
  -3.957E-03   3.373E-03   8.101E+05   0.000E+00
  -3.891E-03   3.343E-03   8.469E+05   0.000E+00
  -4.067E-03   3.424E-03   7.667E+05   0.000E+00
   3.059E-03   2.885E-03   7.774E+06  -1.477E+07
   2.891E-03   2.758E-03   5.146E+06  -2.582E+06
  -4.103E-03   3.441E-03   8.712E+05   0.000E+00
   3.333E-03   3.018E-03   3.928E+05  -1.932E+07
   4.284E-03   3.558E-03   1.301E+06   0.000E+00
  -3.726E-03   3.245E-03   1.208E+06   0.000E+00
  -2.980E-03   2.851E-03   6.442E+06   1.867E+07
